694936
1203147
700396
691340
1131170
631185
694938
631187
631186
929494
631184
694940
631181
694937
631182
1298649
631144
700395
631183
563650
929497
1720656
631140
929498
700398
694939
842092
929496
842093
694941
694936
616902
616913
700396
616908
616912
691340
616914
616911
631185
694938
631187
631186
616910
1032272
616907
631184
694940
616903
616904
616906
631181
694937
631182
1298649
616909
692258
616905
700395
631183
694936
616902
1203147
616913
700396
616908
616912
691340
616914
616911
631185
694938
631187
631186
616910
609655
616907
631184
694940
616903
616904
616906
631181
694937
631182
1298649
616909
692258
616905
700395
958443
1540766
1105754
1105752
1819243
567621
665374
663583
1707932
567687
1919425
1126504
559651
1808970
1105750
666861
1171663
956590
2054133
1809560
1484987
1105751
1708109
560317
1962237
1090199
1105753
2099029
610256
637002
